-55 -51 -51 -51 -51 -53 -51 -51 -51 -51 -53 -51 -51 -51 -51 -53 -51 -51 -51 -51 -69
-70  32  32  32  32 -70  32  32  32  32 -70  32  32  32  32 -70  32  32  32  32 -70
-70  32  32  32  32 -70  32  32  32  32 -70  32  32  32  32 -70  32  32  32  32 -70
-52 -51 -51 -51 -51 -50 -51 -51 -51 -51 -50 -51 -51 -51 -51 -50 -51 -51 -51 -51 -71
-70  32  32  32  32 -70  32  32  32  32 -70  32  32  32  32 -70  32  32  32  32 -70
-70  32  32  32  32 -70  32  32  32  32 -70  32  32  32  32 -70  32  32  32  32 -70
-52 -51 -51 -51 -51 -50 -51 -51 -51 -51 -50 -51 -51 -51 -51 -50 -51 -51 -51 -51 -71
-70  32  32  32  32 -70  32  32  32  32 -70  32  32  32  32 -70  32  32  32  32 -70
-70  32  32  32  32 -70  32  32  32  32 -70  32  32  32  32 -70  32  32  32  32 -70
-52 -51 -51 -51 -51 -50 -51 -51 -51 -51 -50 -51 -51 -51 -51 -50 -51 -51 -51 -51 -71
-70  32  32  32  32 -70  32  32  32  32 -70  32  32  32  32 -70  32  32  32  32 -70
-70  32  32  32  32 -70  32  32  32  32 -70  32  32  32  32 -70  32  32  32  32 -70
-56 -51 -51 -51 -51 -54 -51 -51 -51 -51 -54 -51 -51 -51 -51 -54 -51 -51 -51 -51 -68
